292910212020
714510212020
191010212020
263310212020
397910222020
399510222020
656410212020
1016910212020
171410212020
171510212020
391210212020
250310212020
335010212020
308210212020
389810222020
203010212020
2163210212020
32710212020
484910212020
602810212020
1062010212020
403610222020
983010212020
163210212020
308110212020
386710212020
805210212020
953510212020
1257710212020
1319810212020
408310222020
396010222020
27010212020
1190710212020
30410212020
297410212020
486210212020
389310222020
419010222020
435910212020
863110212020
1320710212020
3585310212020
258910212020
408710212020
404510222020
2577410212020
2737010212020
1482810212020
419010212020
1966910212020
2096010212020
3683710212020
388210222020
384010212020
1361310212020
2183710212020
1108810212020
1697610212020
130410212020
396010212020
189810212020
86310212020
314010212020
12910212020
202010212020
229810212020
167310212020
58810212020
131110212020
83110212020
88510212020
106010212020
332410212020
380010212020
404110222020
200810212020
129010212020
11910212020
162010212020
26810212020
43610212020
417810222020
84710212020
229610212020
407910222020
236610212020
7010212020
56610212020
137610212020
430810212020
176710212020
279910212020
41310212020
391610222020
43510212020
53710212020
50410212020
9210212020
117210212020
19710212020
36710212020
397010222020
45910212020
112210212020
57710212020
46610212020
7110212020
11710212020
73010212020
8010212020
443410212020
15910212020
107910212020
59310212020
3210212020
1910212020
36810212020
512310212020
32510212020
48110212020
17510212020
40110212020
92510212020
137710212020
17410212020
47010212020
554110212020
632510212020
634710212020
392510222020
27310212020
90910212020
63710212020
105910212020
27810212020
44910212020
50110212020
63310212020
5010212020
76610212020
83310212020
85710212020
29810212020
142110212020
76710212020
84310212020
5510212020
49910212020
132110212020
181110212020
15410212020
17010212020
31210212020
37810212020
45710212020
48910212020
910212020
5310212020
10210212020
33610212020
90410212020
143510212020
104410212020
193510212020
454110212020
5610212020
20310212020
25710212020
5910212020
141710212020
170610212020
110212020
14110212020
15110212020
15310212020
20110212020
43410212020
34710212020
159010212020
21710212020
37010212020
78810212020
82410212020
129310212020
92210212020
31010212020
35410212020
27110212020
64710212020
6210212020
19510212020
69710212020
73610212020
78110212020
78310212020
62710212020
137010212020
175310212020
7210212020
26110212020
44310212020
9610212020
54710212020
57410212020
16510212020
105310212020
21110212020
65110212020
78410212020
78510212020
80010212020
123210212020
127910212020
134610212020
85910212020
140710212020
212410212020
4610212020
91010212020
128810212020
610212020
52910212020
53010212020
1410212020
15210212020
16810212020
18610212020
44010212020
66210212020
82910212020
314610212020
315610212020
3010212020
11610212020
35610212020
47310212020
47410212020
54910212020
56310212020
69210212020
75810212020
96310212020
106410212020
151610212020
169110212020
210810212020
23910212020
1010212020
19610212020
29010212020
78910212020
233610212020
118710212020
133710212020
209510212020
221810212020
44610212020
60110212020
96810212020
16710212020
21610212020
31910212020
45810212020
46410212020
56410212020
69310212020
30810212020
62010212020
119510212020
386210212020
410310222020
113510212020
156210212020
227910212020
37110212020
43010212020
4110212020
7710212020
25410212020
13310212020
29510212020
50310212020
83910212020
161710212020
203110212020
33010212020
99410212020
106210212020
110210212020
6710212020
117910212020
33910212020
37510212020
46210212020
47710212020
67710212020
6010212020
6110212020
35210212020
49610212020
90210212020
231110212020
71710212020
18110212020
34010212020
6510212020
140610212020
2810212020
6310212020
15610212020
35910212020
71310212020
75310212020
94710212020
98110212020
107210212020
19310212020
21010212020
74710212020
75910212020
96010212020
112810212020
61210212020
134710212020
293810212020
160910212020
72810212020
75410212020
119110212020
159110212020
163310212020
105810212020
591810212020
8510212020
20510212020
39110212020
139710212020
151710212020
157510212020
166510212020
25210212020
38710212020
75110212020
81710212020
105610212020
107810212020
112310212020
117510212020
123310212020
124110212020
110910212020
222810212020
34110212020
51510212020
62410212020
76110212020
94410212020
152710212020
153910212020
190810212020
217010212020
477010212020
47510212020
124610212020
204510212020
30610212020
25510212020
58110212020
95410212020
106110212020
110810212020
116010212020
145210212020
1810212020
7810212020
14310212020
28710212020
30710212020
32810212020
37210212020
49310212020
49410212020
46810212020
173110212020
218810212020
9110212020
24110212020
27910212020
28610212020
43710212020
94910212020
115210212020
150610212020
229310212020
24810212020
66410212020
77410212020
91910212020
106810212020
6910212020
26410212020
55610212020
44710212020
173610212020
215410212020
37710212020
300310212020
1323910212020
1374710212020
47110212020
138210212020
164710212020
44810212020
126210212020
1210212020
3410212020
3510212020
14810212020
41210212020
44410212020
51610212020
60610212020
66710212020
80110212020
24510212020
36310212020
41510212020
56710212020
77610212020
93010212020
5810212020
48310212020
128510212020
299210212020
372110212020
9310212020
9510212020
31710212020
16210212020
27210212020
38310212020
90710212020
92310212020
92710212020
97610212020
118210212020
155310212020
7510212020
28010212020
86410212020
86510212020
52710212020
11210212020
46910212020
55010212020
73910212020
94810212020
238510212020
33210212020
73710212020
98010212020
7610212020
56910212020
1610212020
9710212020
9810212020
22110212020
26010212020
76510212020
105210212020
245510212020
269710212020
286810212020
311910212020
16310212020
35110212020
39710212020
68110212020
73210212020
110710212020
310210212020
354910212020
60310212020
89810212020
231410212020
329310212020
34610212020
79610212020
96110212020
149710212020
16110212020
21510212020
458410212020
3610212020
4810212020
58610212020
70510212020
74010212020
74110212020
50610212020
110510212020
29110212020
37610212020
54810212020
152810212020
221110212020
169510212020
406510222020
410010222020
4910212020
9910212020
6410212020
29610212020
91310212020
119410212020
136710212020
176410212020
8110212020
27710212020
51310212020
58310212020
58710212020
60410212020
72210212020
129810212020
170810212020
19210212020
20910212020
32910212020
22010212020
12310212020
117010212020
126610212020
213210212020
110310212020
186910212020
188910212020
2910212020
20810212020
26910212020
31610212020
120910212020
150910212020
74510212020
120710212020
159410212020
196810212020
196910212020
224510212020
18910212020
38810212020
40010212020
35710212020
19010212020
20010212020
38510212020
74810212020
76310212020
88310212020
199810212020
31310212020
41110212020
53910212020
41410212020
58010212020
49010212020
72010212020
157810212020
220810212020
243810212020
274310212020
299510212020
74310212020
13210212020
26710212020
35810212020
38410212020
21310212020
70210212020
79910212020
87410212020
131710212020
134810212020
153010212020
52610212020
129410212020
114510212020
10910212020
67310212020
169410212020
3310212020
66010212020
3910212020
8410212020
12610212020
166610212020
219410212020
2210212020
2310212020
80210212020
80510212020
94310212020
98410212020
47910212020
310212020
22510212020
9410212020
101710212020
52110212020
63810212020
80910212020
99210212020
158810212020
4710212020
13710212020
106610212020
193310212020
91210212020
99710212020
280310212020
306210212020
3810212020
67510212020
131510212020
12510212020
16610212020
34910212020
38110212020
71010212020
82110212020
97710212020
98610212020
104010212020
24710212020
58410212020
86810212020
84510212020
160410212020
103910212020
113310212020
30910212020
121510212020
22210212020
34410212020
35010212020
93410212020
117710212020
154310212020
210010212020
244010212020
280810212020
306410212020
146410212020
311810212020
402610222020
414010222020
184210212020
246210212020
344210212020
381610212020
391710212020
415710212020
62210212020
141810212020
394210222020
23010212020
40610212020
40710212020
180910212020
22610212020
32310212020
45310212020
54310212020
56510212020
57510212020
51110212020
89310212020
357710222020
4010212020
10110212020
17310212020
29710212020
268910212020
474810212020
72610212020
17810212020
59010212020
111910212020
36910212020
41910212020
100110212020
100810212020
267210212020
12410212020
13110212020
17210212020
26610212020
32210212020
54410212020
2710212020
8310212020
46110212020
115110212020
139910212020
167710212020
93710212020
254310212020
254410212020
263110212020
88810212020
102710212020
2410212020
112010212020
172410212020
11310212020
21810212020
28810212020
28910212020
32010212020
55710212020
67810212020
113810212020
130710212020
173810212020
192910212020
219210212020
38210212020
64610212020
95210212020
248410212020
17710212020
168210212020
4198810212020
28210212020
28310212020
89710212020
133510212020
29410212020
48810212020
69110212020
83510212020
88210212020
158010212020
10710212020
12010212020
48410212020
153110212020
59810212020
204410212020
347110212020
437210212020
2010212020
12210212020
18310212020
28410212020
38910212020
68410212020
11810212020
83210212020
107310212020
129910212020
154210212020
170310212020
194210212020
198610212020
359310222020
15710212020
181610212020
357910212020
18210212020
48510212020
27610212020
182110212020
182410212020
4410212020
34310212020
160510212020
211810212020
234510212020
256910212020
395710212020
15810212020
20410212020
41610212020
70110212020
88610212020
33410212020
103310212020
356210212020
547310212020
417110222020
72410212020
159310212020
52310212020
54510212020
19410212020
11410212020
11510212020
32610212020
43810212020
116210212020
199310212020
249810212020
182610212020
11110212020
64910212020
136510212020
51410212020
134210212020
118010212020
280210212020
56010212020
93110212020
101610212020
112610212020
116110212020
24410212020
191910212020
221210212020
14910212020
67010212020
77910212020
152410212020
319810212020
366310212020
393210222020
87810212020
29310212020
71810212020
363610212020
136810212020
169710212020
230410212020
286310212020
130310212020
169010212020
188010212020
39010212020
386010212020
575710212020
8210212020
42610212020
72110212020
96610212020
111310212020
166410212020
1264210212020
121010212020
96910212020
28110212020
43310212020
64210212020
158510212020
38610212020
97210212020
86210212020
132310212020
200410212020
210110212020
410212020
3110212020
87010212020
130810212020
140210212020
170010212020
172610212020
175710212020
190510212020
99010212020
546910212020
63510212020
113710212020
318610212020
344410212020
375110212020
23310212020
510212020
8810212020
327610212020
318510212020
64010212020
169210212020
230110212020
239010212020
100210212020
284910212020
650710212020
894610212020
3710212020
76810212020
390510222020
542910212020
545810212020
92910212020
104510212020
119910212020
147210212020
710212020
62610212020
28510212020
42110212020
60510212020
24910212020
259210212020
26210212020
141010212020
156610212020
174510212020
179910212020
207410212020
207510212020
82010212020
102810212020
407310212020
397510222020
445610212020
197410212020
526810212020
416310222020
142310212020
18710212020
367110212020
608310212020
62910212020
312610212020
340110212020
124410212020
156410212020
3132510212020
381510222020
77510212020
134510212020
143110212020
24010212020
42010212020
1035210212020
1141710212020
383810222020
283310212020
352110212020
407710212020
655310212020
409910222020
104810212020
193710212020
304910212020
663710212020
923710212020
1036710212020
55410212020
216510212020
77110212020
389710212020
206410212020
976110212020